9.652158681561541220e-01
9.781081408872582816e-01
9.659075581459387605e-01
9.689248466497015766e-01
9.652814875162095687e-01
9.652307852684555156e-01
9.697196490832505900e-01
9.675092701517498117e-01
9.703538586361536433e-01
9.812100473389514521e-01
9.743258303434733092e-01
9.749763765776862101e-01
9.653619749157714702e-01
9.673004184572681075e-01
9.653012626875264734e-01
9.668833275611540268e-01
9.714238445414834500e-01
9.659697169520687909e-01
9.676466147118233385e-01
9.661422479920587225e-01
9.653304323641137552e-01
9.681108623255956225e-01
9.677507056918880357e-01
9.656461620026113302e-01