6.123432960232753075e-01
0.000000000000000000e+00
6.303309369437997134e-01
0.000000000000000000e+00
0.000000000000000000e+00
0.000000000000000000e+00
5.490886793804348187e-01
5.998368067784500823e-01
6.127883014541808393e-01
0.000000000000000000e+00
0.000000000000000000e+00
5.701248501499032173e-01
6.254934587451259631e-01
0.000000000000000000e+00
5.328647417943459530e-01
5.841614593637654007e-01
5.930986980769290540e-01
0.000000000000000000e+00
0.000000000000000000e+00
5.994820854943130328e-01
0.000000000000000000e+00
5.748299240947574162e-01
0.000000000000000000e+00
6.042133397806370709e-01