0.000000000000000000e+00
0.000000000000000000e+00
3.598250747771740699e-01
4.276970988809591923e-01
6.909552776512706274e-01
0.000000000000000000e+00
0.000000000000000000e+00
0.000000000000000000e+00
2.361314610537359471e-01
6.357198500078600212e-01
4.762790156114249385e-03
3.000877642186914329e-01
4.298702260071407544e-02
6.458982092375356032e-01
5.945023085781540040e-01
0.000000000000000000e+00
0.000000000000000000e+00
3.315326814672463485e-01
4.314489270794785725e-02
1.155845121763148242e-01
3.370103354704432341e-01
3.386019239104420819e-02
7.134792448055513603e-01
6.460791232376150717e-01
4.563857373842816756e-01
0.000000000000000000e+00
4.685499151855454514e-02
8.371029225660553408e-02
7.537438956735753592e-01
6.655326437928854588e-01
1.434443975471380028e-01
4.080735257142542594e-02
0.000000000000000000e+00
4.609817059447758880e-01